lambda	n	k
0.245202	1.168773	1.331022
0.246793	1.176486	1.342173
0.248384	1.184909	1.35239
0.249976	1.195191	1.360441
0.251567	1.208012	1.365649
0.253159	1.222298	1.369346
0.254751	1.236561	1.373296
0.256342	1.250863	1.377493
0.257934	1.266081	1.380957
0.259526	1.280422	1.385425
0.261118	1.295747	1.388624
0.26271	1.314122	1.388161
0.264302	1.332088	1.387543
0.265894	1.349186	1.387035
0.267486	1.365779	1.386098
0.269078	1.381617	1.384834
0.270671	1.397479	1.382323
0.272263	1.414073	1.377756
0.273856	1.430565	1.371857
0.275448	1.44665	1.364803
0.277041	1.46239	1.356414
0.278633	1.477705	1.34665
0.280226	1.493032	1.335003
0.281819	1.507621	1.322091
0.283412	1.52152	1.308001
0.285004	1.534962	1.292706
0.286597	1.548117	1.276244
0.28819	1.56109	1.258708
0.289783	1.573846	1.240198
0.291377	1.585484	1.22117
0.29297	1.597032	1.200512
0.294563	1.609048	1.177539
0.296156	1.622041	1.15158
0.29775	1.638017	1.119556
0.299343	1.652347	1.081758
0.300936	1.664638	1.035518
0.30253	1.674244	0.981291
0.304124	1.676124	0.924319
0.305717	1.670761	0.862526
0.307311	1.656782	0.794018
0.308905	1.632069	0.729033
0.310498	1.60169	0.666868
0.312092	1.564974	0.603757
0.313686	1.521603	0.541588
0.31528	1.47378	0.478805
0.316874	1.41648	0.407797
0.318468	1.328991	0.327906
0.320062	1.204332	0.25423
0.321656	1.058416	0.205534
0.32325	0.908725	0.186685
0.324844	0.76942	0.194293
0.326439	0.640105	0.225011
0.328033	0.508378	0.278807
0.329627	0.381485	0.366136
0.331222	0.287389	0.479734
0.332816	0.230957	0.590405
0.334411	0.19705	0.685981
0.336005	0.174356	0.770536
0.3376	0.15749	0.85014
0.339194	0.144728	0.924251
0.340789	0.136119	0.984005
0.342384	0.129949	1.034139
0.343978	0.124166	1.087744
0.345573	0.119236	1.140053
0.347168	0.11566	1.184273
0.348763	0.112847	1.224136
0.350358	0.110334	1.263474
0.351952	0.108068	1.302222
0.353547	0.106046	1.339786
0.355142	0.10426	1.37564
0.356737	0.102673	1.409608
0.358332	0.10124	1.441979
0.359928	0.099932	1.473051
0.361523	0.098726	1.503093
0.363118	0.097604	1.532351
0.364713	0.096552	1.56105
0.366308	0.095557	1.589396
0.367903	0.094617	1.617465
0.369499	0.093738	1.645204
0.371094	0.092924	1.672551
0.372689	0.092181	1.699454
0.374285	0.091512	1.725859
0.37588	0.090922	1.751718
0.377476	0.090413	1.776983
0.379071	0.08999	1.801611
0.380667	0.089654	1.825569
0.382262	0.089405	1.84889
0.383858	0.089242	1.871626
0.385453	0.089159	1.893827
0.387049	0.089149	1.915539
0.388644	0.089206	1.936805
0.39024	0.089324	1.957667
0.391836	0.089498	1.978165
0.393431	0.089722	1.998337
0.395027	0.089992	2.018219
0.396623	0.090303	2.037845
0.398219	0.090652	2.057249
0.399814	0.091033	2.076463
0.40141	0.091443	2.095516
0.403006	0.091879	2.11444
0.404602	0.092337	2.133262
0.406198	0.092814	2.152009
0.407793	0.093306	2.170709
0.409389	0.09381	2.189387
0.410985	0.094324	2.208056
0.412581	0.094848	2.226702
0.414177	0.095378	2.245305
0.415773	0.095916	2.263849
0.417369	0.09646	2.282315
0.418965	0.097008	2.300687
0.420561	0.09756	2.318949
0.422157	0.098116	2.337084
0.423753	0.098674	2.355078
0.425349	0.099233	2.372916
0.426945	0.099793	2.390584
0.428541	0.100354	2.408066
0.430137	0.100913	2.42535
0.431733	0.10147	2.442428
0.433329	0.102027	2.459308
0.434925	0.102581	2.475997
0.436521	0.103134	2.492505
0.438117	0.103684	2.50884
0.439713	0.104232	2.525011
0.44131	0.104778	2.541025
0.442906	0.105321	2.55689
0.444502	0.105862	2.572614
0.446098	0.1064	2.588204
0.447694	0.106935	2.603666
0.44929	0.107467	2.619009
0.450886	0.107995	2.634238
0.452482	0.108521	2.649361
0.454079	0.109043	2.664383
0.455675	0.109561	2.679311
0.457271	0.110076	2.694151
0.458867	0.110588	2.708909
0.460463	0.111095	2.72359
0.462059	0.111599	2.738202
0.463655	0.112098	2.752748
0.465251	0.112594	2.767234
0.466848	0.113085	2.781667
0.468444	0.113572	2.79605
0.47004	0.114055	2.81039
0.471636	0.114533	2.824689
0.473232	0.115008	2.838948
0.474828	0.115478	2.853166
0.476424	0.115943	2.867346
0.47802	0.116405	2.881487
0.479616	0.116863	2.895589
0.481212	0.117318	2.909654
0.482809	0.117768	2.923682
0.484405	0.118215	2.937672
0.486001	0.118658	2.951626
0.487597	0.119098	2.965543
0.489193	0.119534	2.979424
0.490789	0.119967	2.993271
0.492385	0.120397	3.007081
0.493981	0.120824	3.020858
0.495577	0.121247	3.034599
0.497173	0.121668	3.048307
0.498769	0.122085	3.061981
0.500365	0.1225	3.075621
0.50196	0.122911	3.089229
0.503556	0.12332	3.102804
0.505152	0.123727	3.116346
0.506748	0.12413	3.129856
0.508344	0.124531	3.143334
0.50994	0.12493	3.156781
0.511536	0.125326	3.170197
0.513131	0.125719	3.183582
0.514727	0.126111	3.196935
0.516323	0.1265	3.210259
0.517919	0.126886	3.223552
0.519515	0.127271	3.236815
0.52111	0.127654	3.250049
0.522706	0.128034	3.263253
0.524302	0.128412	3.276429
0.525897	0.128789	3.289575
0.527493	0.129163	3.302692
0.529088	0.129536	3.315781
0.530684	0.129907	3.328842
0.532279	0.130276	3.341875
0.533875	0.130643	3.35488
0.53547	0.131008	3.367858
0.537066	0.131372	3.38081
0.538661	0.131735	3.393735
0.540257	0.132095	3.406635
0.541852	0.132454	3.41951
0.543447	0.132812	3.43236
0.545043	0.133168	3.445186
0.546638	0.133522	3.457987
0.548233	0.133876	3.470766
0.549829	0.134227	3.483521
0.551424	0.134578	3.496253
0.553019	0.134927	3.508963
0.554614	0.135274	3.521651
0.556209	0.135621	3.534319
0.557804	0.135966	3.546964
0.559399	0.13631	3.559589
0.560994	0.136653	3.572194
0.562589	0.136994	3.584778
0.564184	0.137334	3.597344
0.565779	0.137674	3.609889
0.567374	0.138012	3.622416
0.568969	0.138349	3.634924
0.570563	0.138685	3.647415
0.572158	0.13902	3.659886
0.573753	0.139354	3.672341
0.575347	0.139688	3.684778
0.576942	0.14002	3.697198
0.578536	0.140351	3.709602
0.580131	0.140682	3.721989
0.581725	0.141011	3.73436
0.58332	0.14134	3.746716
0.584914	0.141668	3.759056
0.586509	0.141995	3.771381
0.588103	0.142321	3.783691
0.589697	0.142647	3.795987
0.591291	0.142972	3.808268
0.592886	0.143296	3.820536
0.59448	0.14362	3.832789
0.596074	0.143942	3.845029
0.597668	0.144265	3.857257
0.599262	0.144586	3.869471
0.600856	0.144907	3.881672
0.602449	0.145228	3.893861
0.604043	0.145548	3.906038
0.605637	0.145867	3.918203
0.607231	0.146186	3.930356
0.608824	0.146504	3.942498
0.610418	0.146822	3.954628
0.612012	0.14714	3.966747
0.613605	0.147456	3.978856
0.615199	0.147772	3.990954
0.616792	0.148088	4.003042
0.618385	0.148403	4.01512
0.619979	0.148717	4.027188
0.621572	0.149031	4.039246
0.623165	0.149344	4.051294
0.624758	0.149657	4.063334
0.626351	0.149969	4.075364
0.627944	0.15028	4.087386
0.629537	0.150591	4.099398
0.63113	0.1509	4.111402
0.632723	0.15121	4.123399
0.634316	0.151518	4.135387
0.635908	0.151826	4.147367
0.637501	0.152133	4.15934
0.639093	0.152439	4.171304
0.640686	0.152745	4.183262
0.642278	0.15305	4.195212
0.643871	0.153354	4.207156
0.645463	0.153657	4.219093
0.647055	0.15396	4.231023
0.648648	0.154262	4.242946
0.65024	0.154563	4.254864
0.651832	0.154863	4.266775
0.653424	0.155162	4.278681
0.655016	0.155461	4.29058
0.656608	0.155759	4.302474
0.658199	0.156056	4.314363
0.659791	0.156352	4.326246
0.661383	0.156647	4.338124
0.662974	0.156941	4.349998
0.664566	0.157235	4.361866
0.666157	0.157527	4.37373
0.667748	0.157819	4.385589
0.66934	0.15811	4.397444
0.670931	0.1584	4.409294
0.672522	0.158689	4.421141
0.674113	0.158977	4.432983
0.675704	0.159265	4.444822
0.677295	0.159551	4.456656
0.678886	0.159836	4.468487
0.680477	0.160121	4.480313
0.682067	0.160404	4.492136
0.683658	0.160687	4.503955
0.685248	0.160969	4.51577
0.686839	0.16125	4.527582
0.688429	0.16153	4.53939
0.69002	0.161809	4.551195
0.69161	0.162087	4.562996
0.6932	0.162364	4.574794
0.69479	0.16264	4.586588
0.69638	0.162915	4.598379
0.69797	0.163189	4.610166
0.69956	0.163462	4.621951
0.701149	0.163734	4.633732
0.702739	0.164006	4.645509
0.704328	0.164276	4.657284
0.705918	0.164545	4.669056
0.707507	0.164814	4.680824
0.709096	0.165081	4.69259
0.710686	0.165348	4.704353
0.712275	0.165613	4.716113
0.713864	0.165877	4.727869
0.715453	0.166141	4.739623
0.717042	0.166403	4.751375
0.71863	0.166665	4.763123
0.720219	0.166925	4.774869
0.721807	0.167185	4.786612
0.723396	0.167443	4.798352
0.724984	0.1677	4.81009
0.726573	0.167957	4.821826
0.728161	0.168212	4.833559
0.729749	0.168467	4.845289
0.731337	0.16872	4.857017
0.732925	0.168972	4.868742
0.734513	0.169224	4.880465
0.7361	0.169474	4.892186
0.737688	0.169723	4.903904
0.739276	0.169971	4.915621
0.740863	0.170218	4.927335
0.74245	0.170465	4.939046
0.744038	0.17071	4.950756
0.745625	0.170954	4.962463
0.747212	0.171197	4.974169
0.748799	0.171439	4.985872
0.750385	0.17168	4.997573
0.751972	0.171919	5.009272
0.753559	0.172158	5.02097
0.755145	0.172396	5.032665
0.756732	0.172633	5.044359
0.758318	0.172868	5.05605
0.759904	0.173103	5.06774
0.76149	0.173336	5.079428
0.763076	0.173569	5.091114
0.764662	0.1738	5.102799
0.766248	0.174031	5.114481
0.767834	0.17426	5.126162
0.769419	0.174488	5.137841
0.771005	0.174715	5.149519
0.77259	0.174941	5.161195
0.774175	0.175166	5.17287
0.77576	0.17539	5.184543
0.777345	0.175613	5.196214
0.77893	0.175834	5.207884
0.780515	0.176055	5.219552
0.7821	0.176274	5.231219
0.783684	0.176493	5.242884
0.785269	0.17671	5.254549
0.786853	0.176926	5.266211
0.788437	0.177142	5.277873
0.790022	0.177356	5.289533
0.791606	0.177568	5.301192
0.79319	0.17778	5.312849
0.794773	0.177991	5.324505
0.796357	0.178201	5.33616
0.79794	0.178409	5.347814
0.799524	0.178617	5.359467
0.801107	0.178823	5.371118
0.80269	0.179028	5.382769
0.804273	0.179232	5.394418
0.805856	0.179435	5.406066
0.807439	0.179637	5.417713
0.809022	0.179838	5.429359
0.810604	0.180037	5.441004
0.812187	0.180236	5.452648
0.813769	0.180433	5.464291
0.815351	0.18063	5.475933
0.816933	0.180825	5.487574
0.818515	0.181019	5.499214
0.820097	0.181212	5.510853
0.821679	0.181404	5.522492
0.823261	0.181594	5.534129
0.824842	0.181784	5.545766
0.826423	0.181972	5.557402
0.828004	0.182159	5.569037
0.829586	0.182345	5.580671
0.831167	0.18253	5.592304
0.832747	0.182714	5.603937
0.834328	0.182897	5.615569
0.835908	0.183079	5.6272
0.837489	0.183259	5.638831
0.839069	0.183438	5.650461
0.840649	0.183617	5.662091
0.842229	0.183794	5.673719
0.843809	0.18397	5.685347
0.845389	0.184144	5.696974
0.846969	0.184318	5.708601
0.848548	0.18449	5.720227
0.850127	0.184662	5.731853
0.851707	0.184832	5.743478
0.853286	0.185001	5.755103
0.854865	0.185169	5.766727
0.856443	0.185336	5.778351
0.858022	0.185502	5.789974
0.859601	0.185667	5.801596
0.861179	0.18583	5.813218
0.862757	0.185993	5.824838
0.864335	0.186155	5.836457
0.865913	0.186317	5.848072
0.867491	0.186477	5.859686
0.869069	0.186636	5.871296
0.870646	0.186795	5.882901
0.872224	0.186953	5.894502
0.873801	0.187111	5.906098
0.875378	0.187267	5.917688
0.876955	0.187424	5.929273
0.878532	0.187579	5.94085
0.880108	0.187734	5.952421
0.881685	0.187889	5.963985
0.883261	0.188043	5.975539
0.884837	0.188197	5.987087
0.886413	0.18835	5.998625
0.887989	0.188503	6.010153
0.889565	0.188655	6.021672
0.891141	0.188808	6.033179
0.892716	0.18896	6.044677
0.894292	0.189112	6.056163
0.895867	0.189263	6.067638
0.897442	0.189415	6.0791
0.899017	0.189566	6.090549
0.900591	0.189717	6.101986
0.902166	0.189869	6.113409
0.90374	0.19002	6.124818
0.905314	0.190171	6.136213
0.906888	0.190322	6.147593
0.908462	0.190474	6.158958
0.910036	0.190625	6.170307
0.91161	0.190776	6.18164
0.913183	0.190928	6.192957
0.914756	0.19108	6.204256
0.91633	0.191232	6.215539
0.917903	0.191384	6.226804
0.919475	0.191537	6.23805
0.921048	0.191689	6.249279
0.922621	0.191842	6.260488
0.924193	0.191996	6.271678
0.925765	0.19215	6.282849
0.927337	0.192304	6.293999
0.928909	0.192459	6.305128
0.93048	0.192614	6.316237
0.932052	0.192769	6.327326
0.933623	0.192925	6.338392
0.935195	0.193082	6.349436
0.936766	0.193239	6.360458
0.938336	0.193397	6.371458
0.939907	0.193555	6.382434
0.941478	0.193714	6.393386
0.943048	0.193873	6.404315
0.944618	0.194034	6.415221
0.946188	0.194195	6.426101
0.947758	0.194356	6.436957
0.949328	0.194519	6.447787
0.950897	0.194682	6.458592
0.952466	0.194846	6.469371
0.954036	0.195011	6.480124
0.955604	0.195176	6.49085
0.957173	0.195343	6.501549
0.958742	0.19551	6.512221
0.96031	0.195679	6.522865
0.961879	0.195848	6.533482
0.963447	0.196018	6.54407
0.965015	0.196189	6.55463
0.966582	0.196361	6.565163
0.96815	0.196534	6.575672
0.969717	0.196708	6.586155
0.971285	0.196883	6.596616
0.972852	0.197058	6.607054
0.974418	0.197235	6.617472
0.975985	0.197412	6.627869
0.977552	0.19759	6.638247
0.979118	0.197769	6.648609
0.980684	0.197948	6.658953
0.98225	0.198128	6.669283
0.983816	0.198309	6.679598
0.985381	0.198491	6.6899
0.986947	0.198673	6.70019
0.988512	0.198856	6.710469
0.990077	0.199039	6.720737
0.991642	0.199223	6.730997
0.993206	0.199408	6.741249
0.994771	0.199593	6.751494
0.996335	0.199778	6.761734
0.997899	0.199965	6.771968
0.999463	0.200151	6.782199
1.011663	0.201624	6.862039
